=========================================================
      DATA LINK LAYER PROTOCOLS - SIMULATION TABLES      
=========================================================

--- Table 1: Stop-and-Wait (Varying BER) ---
   BER    Goodput  AvgDelay  Utilization  Retransmissions
0.000000  512000   0.003706   10.36000           0       
0.000005  512000   0.008306   10.83660          23       
0.000010  512000   0.011706   11.18880          40       
0.000020  274432   0.026467    6.83760          62       
0.000030  251904   0.028909    6.42320          64       
0.000050  106496   0.073898    3.66744          73       
0.000070   83968   0.093950    3.25304          75       
0.000100   55296   0.142594    2.71432          77       
0.000200   18432   0.425928    2.00984          79       
0.000300   10240   0.693706    1.86480          80       
0.000500    2048   0.853706    1.69904          80       
0.000700       0        NaN    1.65760          80       
0.001000       0        NaN    1.65760          80       

--- Table 2: Stop-and-Wait (Varying Delay) ---
 Delay  Goodput  AvgDelay  Utilization  Retransmissions
   1    512000   0.011306   11.25100          43       
   2    512000   0.010706   11.08520          35       
   5    328704   0.018855    7.47992          40       
  10    251904   0.021462    5.61512          25       
  20    153600   0.032372    3.43952          16       
  30    115712   0.039670    2.54856          10       
  40     89088   0.050901    1.98912           9       
  50    145408   0.058044    3.12872           9       
  60    109568   0.077593    2.59000          18       
  70    100352   0.084971    2.27920          12       
  80     89088   0.096648    2.00984          10       
  90     81920   0.099206    1.82336           8       
 100    106496   0.114206    2.40352          12       

--- Table 3: Go-Back-N (Varying BER) ---
   BER     Goodput  AvgDelay  Utilization  Retransmissions
0.000000 4801540.0  0.011571   97.3011            7       
0.000005 1344510.0  0.046364   36.4879          448       
0.000010  748544.0  0.084792   26.0865          528       
0.000020  414720.0  0.151549   20.1606          568       
0.000030  332800.0  0.192913   18.8345          584       
0.000050  118784.0  0.527835   15.0013          608       
0.000070  101376.0  0.619216   14.8148          616       
0.000100   56320.0  1.024200   14.0689          624       
0.000200   22528.0  2.498200   13.5509          632       
0.000300   10240.0  4.297150   13.4680          640       
0.000500    3072.0  4.276150   13.3230          640       
0.000700    1024.0  1.803710   13.2815          640       
0.001000       0.0       NaN   13.2608          640       

--- Table 4: Go-Back-N (Varying Delay) ---
 Delay  Goodput  AvgDelay  Utilization  Retransmissions
   1    884736   0.072948   28.6765          520       
   2    769024   0.081223   26.3351          520       
   5    714752   0.086060   24.9054          504       
  10    753664   0.076480   24.0352          424       
  20    542720   0.096492   18.1093          344       
  30    421888   0.122309   14.6698          296       
  40    412672   0.119055   12.9914          224       
  50    418816   0.106294   20.7200          591       
  60    327680   0.139241   17.8192          540       
  70    329728   0.126657   16.7832          488       
  80    339968   0.113453   15.6643          424       
  90    303104   0.126671   14.0067          380       
 100    262144   0.145077   17.8814          607       

--- Table 5: Go-Back-N (Varying Window) ---
 Window  Goodput  AvgDelay  Utilization  Retransmissions
    1    673792   0.010089    14.5040           42      
    2    850944   0.016982    19.4975          110      
    4    736256   0.042204    20.3678          264      
    8    765952   0.082528    26.2730          520      
   16    729088   0.174916    36.6330         1056      
   32    610304   0.415423    57.4358         2176      
   48    692224   0.560451    80.6215         3215      
   64    770048   0.638493    97.7984         3968      
   96    358400   1.670170   106.7080         4800      
  128    154624   1.782750   167.5630         7936      
  256     62464   1.857720   383.1750        18432      

--- Table 6: Selective Repeat (Varying BER) ---
   BER     Goodput  AvgDelay  Utilization  Retransmissions
0.000000 4801540.0  0.011571   97.30110           7       
0.000005 1804290.0  0.014815   38.14550          79       
0.000010 1190910.0  0.018067   26.08650          96       
0.000020  773120.0  0.027806   18.68940         147       
0.000030  694272.0  0.031831   17.42550         163       
0.000050  343040.0  0.069328   11.29240         210       
0.000070  310272.0  0.085159   11.25100         240       
0.000100  185344.0  0.143932    9.07536         257       
0.000200   79872.0  0.432095    8.80600         347       
0.000300   35840.0  0.814256    7.56280         330       
0.000500    7168.0  2.820480    9.67624         460       
0.000700    2048.0  4.558820   13.15720         633       
0.001000       0.0       NaN   13.26080         640       

--- Table 7: Selective Repeat (Varying Delay) ---
 Delay   Goodput  AvgDelay  Utilization  Retransmissions
   1   1341440.0  0.017873   29.2566          102       
   2   1225730.0  0.018189   26.8738          100       
   5   1114110.0  0.018999   24.6361          101       
  10   1120260.0  0.020415   24.3253           80       
  20    797696.0  0.031475   17.4255           62       
  30    644096.0  0.043080   14.2346           58       
  40    595968.0  0.051457   13.0122           46       
  50    447488.0  0.067363   19.2282          491       
  60    390144.0  0.074648   16.7210          426       
  70    388096.0  0.081040   16.5346          419       
  80    348160.0  0.090042   14.7734          373       
  90    323584.0  0.099308   13.6130          341       
 100    290816.0  0.112725   18.2336          596       

--- Table 8: Selective Repeat (Varying Window) ---
 Window   Goodput  AvgDelay  Utilization  Retransmissions
    1    673792.0  0.010089    14.5040           42      
    2    905216.0  0.010133    19.4975           57      
    4    933888.0  0.012731    20.3678           71      
    8   1173500.0  0.018484    25.7757           98      
   16   1750020.0  0.025310    38.2284          136      
   32   2685950.0  0.035909    59.6529          256      
   48   3339260.0  0.048961    73.5767          290      
   64   2359300.0  0.150233    99.9326         2519      
   96   1836030.0  0.249351   111.7840         3602      
  128    779264.0  0.844693   181.0100         7975      
  256    807936.0  1.619570   327.2720        15006      

